[gd_scene load_steps=15 format=2]

[ext_resource path="res://Player/Player.tscn" type="PackedScene" id=1]
[ext_resource path="res://Player/Player.gd" type="Script" id=2]
[ext_resource path="res://Terrain.tscn" type="PackedScene" id=3]
[ext_resource path="res://Target/Target.tscn" type="PackedScene" id=4]
[ext_resource path="res://Player/RayCast.gd" type="Script" id=5]
[ext_resource path="res://NPC/NPC.tscn" type="PackedScene" id=6]
[ext_resource path="res://NPC/NPC.gd" type="Script" id=7]
[ext_resource path="res://UI/UI.gd" type="Script" id=8]
[ext_resource path="res://UI/Dialogue.gd" type="Script" id=9]
[ext_resource path="res://Enemy/Drone.tscn" type="PackedScene" id=10]
[ext_resource path="res://Assets/Friends.ogg" type="AudioStream" id=11]

[sub_resource type="SpatialMaterial" id=1]
albedo_color = Color( 1, 0, 0, 1 )
emission_enabled = true
emission = Color( 1, 0, 0, 1 )
emission_energy = 3.0
emission_operator = 0
emission_on_uv2 = false

[sub_resource type="SphereMesh" id=2]
material = SubResource( 1 )
radius = 0.5
height = 1.0

[sub_resource type="SphereShape" id=3]
radius = 1.187

[node name="Game" type="Spatial"]

[node name="AudioStreamPlayer" type="AudioStreamPlayer" parent="."]
stream = ExtResource( 11 )
autoplay = true

[node name="Player" parent="." instance=ExtResource( 1 )]
transform = Transform( -1, 0, 8.74228e-08, 0, 1, 0, -8.74228e-08, 0, -1, 40.0444, 0.506518, 6.11635 )
collision_layer = 2
collision_mask = 7
script = ExtResource( 2 )

[node name="Pivot" type="Position3D" parent="Player"]

[node name="Camera" type="Camera" parent="Player/Pivot"]
transform = Transform( -1, 1.51808e-08, -8.60946e-08, 0, 0.984808, 0.173648, 8.74228e-08, 0.173648, -0.984808, 0, 5, -8 )

[node name="RayCast" type="RayCast" parent="Player/Pivot"]
transform = Transform( 1, 0, 0, 0, 1, 0, 0, 0, 1, 0, 3, 0 )
enabled = true
cast_to = Vector3( 0, 0, 100 )
script = ExtResource( 5 )

[node name="Reticule" type="Position3D" parent="Player/Pivot/RayCast"]
transform = Transform( 1, 0, 0, 0, 1, 0, 0, 0, 1, 0, 0, 50 )

[node name="MeshInstance" type="MeshInstance" parent="Player/Pivot/RayCast/Reticule"]
mesh = SubResource( 2 )
material/0 = null

[node name="lowpoly_scene" parent="." instance=ExtResource( 3 )]
transform = Transform( 3, 0, 0, 0, 3, 0, 0, 0, 3, 0, 0, 0 )

[node name="Target_container" type="Spatial" parent="."]

[node name="Target" parent="Target_container" instance=ExtResource( 4 )]
transform = Transform( 0.939693, 0, 0.34202, 0, 1, 0, -0.34202, 0, 0.939693, -27, 4, 9 )

[node name="Target2" parent="Target_container" instance=ExtResource( 4 )]
transform = Transform( 0.939693, 0, -0.34202, 0, 1, 0, 0.34202, 0, 0.939693, -34.1, 2.13, -17.77 )

[node name="Target3" parent="Target_container" instance=ExtResource( 4 )]
transform = Transform( 0.939693, 0, -0.34202, 0, 1, 0, 0.34202, 0, 0.939693, -60.271, 2.15991, -43.4875 )

[node name="Target4" parent="Target_container" instance=ExtResource( 4 )]
transform = Transform( 0.766044, 0, -0.642788, 0, 1, 0, 0.642788, 0, 0.766044, -35.2104, 6.80122, -47.1217 )

[node name="Target5" parent="Target_container" instance=ExtResource( 4 )]
transform = Transform( 0.766044, 0, -0.642788, 0, 1, 0, 0.642788, 0, 0.766044, 15.258, 3.687, -53.67 )

[node name="Drone_container" type="Spatial" parent="."]

[node name="Drone" parent="Drone_container" instance=ExtResource( 10 )]
transform = Transform( 1, 0, 0, 0, 1, 0, 0, 0, 1, 0, 20, 100 )

[node name="NPC" parent="." instance=ExtResource( 6 )]
transform = Transform( 1, 0, 0, 0, 1, 0, 0, 0, 1, 36.6251, 0.264848, -4.45533 )
script = ExtResource( 7 )

[node name="Area" type="Area" parent="NPC"]
collision_layer = 2
collision_mask = 2

[node name="CollisionShape" type="CollisionShape" parent="NPC/Area"]
transform = Transform( 5, 0, 0, 0, 5, 0, 0, 0, 5, 0, 0, 0 )
shape = SubResource( 3 )

[node name="UI" type="CanvasLayer" parent="."]
script = ExtResource( 8 )

[node name="Damage" type="ColorRect" parent="UI"]
anchor_right = 1.0
anchor_bottom = 1.0
color = Color( 1, 0, 0, 0 )
__meta__ = {
"_edit_use_anchors_": false
}

[node name="Background" type="ColorRect" parent="UI"]
anchor_right = 1.0
margin_bottom = 30.0
color = Color( 0, 0, 0, 0.501961 )
__meta__ = {
"_edit_use_anchors_": false
}

[node name="Score" type="Label" parent="UI"]
margin_left = 10.0
margin_right = 510.0
margin_bottom = 30.0
text = "Score:"
valign = 1
__meta__ = {
"_edit_use_anchors_": false
}

[node name="Time" type="Label" parent="UI"]
margin_left = 512.0
margin_right = 1014.0
margin_bottom = 30.0
text = "Timer: 00:00"
align = 2
valign = 1
__meta__ = {
"_edit_use_anchors_": false
}

[node name="Timer" type="Timer" parent="UI"]

[node name="Dialogue" type="Control" parent="UI"]
margin_right = 1024.0
margin_bottom = 600.0
script = ExtResource( 9 )
__meta__ = {
"_edit_use_anchors_": false
}

[node name="Background" type="ColorRect" parent="UI/Dialogue"]
margin_top = 100.0
margin_right = 1024.0
margin_bottom = 130.0
color = Color( 0, 0, 0, 0.501961 )

[node name="Text" type="RichTextLabel" parent="UI/Dialogue"]
anchor_top = 1.0
anchor_right = 1.0
anchor_bottom = 1.0
margin_top = -500.0
margin_bottom = -470.0
bbcode_enabled = true
bbcode_text = "
"
text = "
"
__meta__ = {
"_edit_use_anchors_": false
}

[connection signal="body_entered" from="NPC/Area" to="NPC" method="_on_Area_body_entered"]
[connection signal="body_exited" from="NPC/Area" to="NPC" method="_on_Area_body_exited"]
[connection signal="timeout" from="UI/Timer" to="UI" method="_on_Timer_timeout"]
